
Euclidean
1148
1048 957
1052 966
1053 968
1056 969
1064 970
1067 978
1076 980
1080 985
1081 985
1081 986
1084 989
1084 991
1086 993
1090 1000
1099 1008
1104 1012
1111 1020
1117 1020
1117 1026
1121 1029
1128 1034
1136 1035
1136 1044
1139 1044
1141 1050
1145 1053
1153 1059
1160 1059
1168 1060
1177 1068
1178 1074
1182 1082
1187 1082
1188 1087
1197 1094
1197 1100
1199 1108
1208 1113
1208 1115
1215 1117
1223 1118
1230 1125
1239 1132
1248 1140
1256 1149
1264 1149
1269 1151
1269 1153
1273 1156
1280 1159
1281 1164
1289 1164
1293 1171
1298 1174
1299 1178
1301 1178
1302 1181
1306 1189
1308 1191
1308 1193
1312 1198
1320 1202
1320 1210
1324 1212
1329 1216
1331 1223
1336 1230
1341 1232
1343 1240
1349 1246
1358 1247
1360 1253
1369 1257
1377 1259
1385 1261
1392 1269
1398 1276
1405 1276
1414 1280
1419 1284
1421 1286
1424 1295
1430 1300
1437 1304
1440 1313
1444 1317
1444 1323
1444 1325
1446 1333
1450 1336
1451 1337
1452 1346
1452 1348
1457 1355
1463 1364
1464 1373
1472 1380
1478 1385
1479 1386
1483 1394
1488 1401
1494 1407
1503 1408
1507 1411
1513 1418
1519 1427
1526 1433
1526 1442
1526 1449
1532 1455
1540 1462
1547 1468
1553 1473
1556 1480
1562 1489
1569 1491
1575 1495
1575 1502
1580 1506
1580 1507
1582 1515
1582 1516
1587 1518
1587 1525
1588 1531
1592 1540
1597 1543
1602 1544
1603 1544
1603 1551
1603 1559
1604 1565
1608 1566
1612 1575
1620 1581
1622 1583
1627 1585
1630 1587
1637 1590
1646 1590
1647 1595
1647 1601
1656 1608
1665 1610
1673 1619
1682 1627
1691 1630
1697 1633
1703 1633
1707 1637
1716 1643
1722 1647
1723 1656
1731 1656
1735 1665
1735 1670
1740 1670
1741 1676
1741 1678
1749 1686
1753 1695
1761 1698
1765 1702
1774 1703
1781 1708
1788 1714
1790 1718
1792 1723
1797 1723
1802 1725
1811 1732
1818 1738
1826 1739
1828 1739
1831 1741
1839 1748
1843 1754
1846 1762
1846 1766
1855 1773
1864 1780
1869 1781
1872 1788
1880 1788
1889 1793
1891 1794
1894 1796
1901 1799
1904 1801
1907 1809
1913 1810
1919 1810
1928 1811
1937 1812
1942 1812
1951 1816
1960 1822
1968 1824
1972 1830
1977 1833
1981 1840
1985 1847
1986 1851
1986 1855
1994 1858
1997 1862
2003 1863
2008 1868
2012 1874
2018 1883
2024 1890
2029 1896
2033 1899
2035 1904
2038 1912
2043 1912
2048 1918
2054 1925
2057 1929
2057 1937
2057 1945
2058 1950
2061 1955
2062 1956
2066 1956
2067 1957
2075 1962
2082 1970
2087 1971
2093 1971
2102 1972
2104 1976
2113 1976
2114 1980
2118 1983
2120 1988
2121 1991
2123 1997
2123 2003
2132 2009
2140 2009
2148 2015
2155 2020
2159 2024
2165 2024
2170 2029
2173 2038
2174 2043
2174 2047
2183 2053
2190 2057
2193 2057
2202 2063
2208 2063
2212 2068
2220 2070
2228 2076
2236 2081
2239 2085
2239 2086
2246 2093
2254 2093
2262 2102
2269 2110
2272 2119
2279 2121
2284 2121
2286 2125
2294 2125
2300 2127
2306 2132
2312 2138
2315 2142
2316 2149
2317 2152
2317 2160
2319 2169
2319 2170
2319 2178
2320 2184
2327 2192
2335 2194
2336 2197
2344 2206
2347 2211
2351 2212
2353 2214
2360 2221
2369 2222
2373 2222
2377 2229
2385 2236
2391 2244
2391 2252
2397 2253
2401 2258
2403 2263
2412 2266
2420 2274
2424 2277
2429 2277
2434 2286
2437 2290
2443 2292
2448 2295
2450 2295
2459 2303
2459 2312
2465 2319
2467 2320
2471 2324
2479 2328
2488 2336
2492 2340
2493 2349
2499 2357
2499 2366
2502 2372
2505 2380
2514 2385
2514 2386
2521 2387
2530 2395
2532 2401
2539 2406
2548 2409
2557 2418
2564 2427
2571 2430
2576 2430
2580 2431
2589 2435
2590 2439
2593 2445
2597 2447
2599 2454
2605 2455
2613 2460
2614 2461
2617 2461
2623 2465
2627 2472
2632 2475
2640 2477
2647 2480
2652 2483
2659 2487
2667 2487
2667 2488
2673 2492
2678 2500
2681 2501
2683 2503
2692 2508
2697 2512
2703 2515
2704 2517
2704 2523
2709 2524
2718 2528
2722 2534
2730 2535
2730 2543
2731 2545
2740 2553
2748 2559
2756 2561
2756 2563
2760 2572
2768 2573
2773 2579
2777 2585
2785 2591
2788 2596
2795 2600
2797 2604
2797 2606
2804 2608
2804 2609
2810 2610
2819 2614
2828 2623
2834 2632
2838 2634
2838 2636
2841 2642
2849 2651
2851 2659
2857 2666
2860 2671
2863 2676
2872 2681
2881 2688
2890 2697
2890 2702
2892 2703
2892 2705
2892 2711
2895 2717
2904 2721
2912 2725
2912 2733
2916 2737
2924 2739
2928 2741
2935 2748
2944 2757
2947 2766
2955 2770
2955 2778
2955 2783
2964 2783
2973 2784
2981 2786
2989 2793
2995 2801
2999 2809
3008 2817
3011 2824
3011 2831
3012 2840
3018 2843
3018 2844
3022 2852
3028 2858
3034 2864
3035 2871
3043 2873
3052 2879
3057 2888
3061 2891
3068 2899
3070 2907
3078 2914
3084 2914
3088 2923
3089 2925
3091 2927
3095 2933
3095 2935
3098 2944
3106 2950
3114 2956
3123 2963
3125 2969
3133 2977
3142 2985
3150 2986
3156 2994
3156 2998
3164 3002
3168 3004
3177 3010
3181 3015
3186 3019
3193 3019
3198 3026
3204 3030
3207 3035
3210 3042
3213 3044
3221 3047
3221 3055
3227 3061
3236 3068
3237 3077
3240 3084
3241 3086
3244 3091
3251 3091
3253 3097
3253 3104
3256 3111
3257 3119
3261 3126
3267 3134
3276 3140
3279 3149
3285 3158
3292 3163
3298 3163
3303 3165
3310 3171
3316 3174
3318 3178
3321 3184
3321 3188
3324 3194
3327 3201
3331 3210
3335 3212
3344 3215
3352 3217
3356 3222
3360 3225
3362 3227
3366 3234
3370 3235
3376 3236
3382 3244
3389 3244
3393 3253
3399 3262
3404 3263
3410 3263
3412 3265
3414 3267
3421 3270
3427 3271
3434 3273
3437 3274
3437 3281
3441 3289
3441 3290
3449 3297
3452 3301
3459 3302
3462 3306
3466 3308
3470 3314
3474 3323
3482 3327
3484 3332
3491 3334
3498 3338
3502 3338
3507 3344
3511 3344
3514 3346
3514 3354
3520 3363
3529 3365
3532 3370
3536 3378
3537 3378
3544 3380
3548 3389
3557 3391
3560 3397
3566 3404
3573 3408
3579 3417
3585 3417
3594 3426
3599 3427
3606 3430
3606 3438
3611 3442
3614 3451
3618 3457
3620 3460
3628 3466
3630 3473
3630 3480
3636 3487
3640 3490
3641 3492
3645 3499
3650 3504
3658 3504
3665 3511
3668 3518
3675 3527
3678 3529
3678 3536
3686 3538
3686 3545
3687 3549
3693 3550
3694 3552
3702 3560
3709 3561
3709 3562
3709 3569
3718 3569
3725 3575
3734 3578
3737 3584
3741 3593
3749 3597
3755 3606
3764 3613
3772 3613
3773 3617
3776 3622
3785 3626
3788 3634
3793 3639
3795 3647
3798 3648
3806 3650
3813 3650
3818 3652
3824 3653
3825 3660
3833 3668
3839 3675
3846 3679
3855 3679
3855 3681
3862 3682
3868 3684
3868 3688
3876 3690
3878 3693
3881 3695
3888 3697
3892 3702
3896 3703
3902 3711
3902 3715
3910 3723
3913 3728
3915 3732
3922 3736
3929 3741
3935 3746
3942 3752
3951 3759
3951 3762
3953 3765
3961 3765
3966 3767
3971 3768
3976 3769
3977 3774
3985 3783
3988 3786
3994 3793
4002 3799
4004 3804
4005 3804
4013 3806
4021 3814
4028 3814
4029 3819
4029 3827
4029 3834
4030 3839
4031 3842
4034 3851
4038 3859
4040 3862
4046 3862
4055 3862
4062 3862
4064 3862
4068 3862
4076 3863
4077 3872
4086 3875
4095 3884
4096 3886
4102 3890
4109 3899
4112 3901
4120 3908
4125 3914
4125 3918
4131 3927
4137 3935
4146 3941
4154 3946
4163 3954
4170 3954
4177 3962
4182 3970
4189 3978
4189 3983
4191 3991
4196 3998
4198 4003
4205 4012
4206 4019
4209 4028
4215 4037
4224 4045
4231 4052
4234 4058
4239 4060
4247 4064
4247 4070
4251 4079
4257 4085
4262 4094
4268 4096
4276 4104
4283 4109
4290 4109
4292 4111
4301 4112
4304 4120
4305 4123
4312 4129
4313 4133
4322 4135
4322 4136
4330 4142
4333 4146
4335 4146
4340 4155
4344 4159
4353 4160
4362 4169
4365 4173
4366 4175
4371 4182
4373 4188
4373 4189
4377 4190
4382 4193
4387 4200
4394 4203
4397 4205
4397 4212
4401 4219
4407 4227
4408 4235
4417 4238
4424 4240
4431 4240
4437 4244
4444 4244
4446 4253
4447 4259
4450 4267
4452 4275
4457 4284
4459 4284
4462 4288
4469 4295
4470 4301
4475 4306
4479 4312
4487 4313
4487 4318
4488 4326
4497 4327
4505 4328
4505 4337
4512 4340
4521 4341
4523 4347
4525 4353
4531 4358
4531 4363
4535 4366
4536 4375
4544 4382
4551 4388
4559 4395
4562 4397
4567 4401
4570 4406
4577 4411
4583 4416
4592 4421
4600 4424
4603 4425
4612 4434
4618 4435
4625 4436
4629 4436
4631 4441
4639 4441
4640 4447
4649 4454
4649 4459
4650 4462
4652 4471
4661 4480
4667 4480
4673 4484
4676 4484
4681 4488
4682 4492
4687 4500
4692 4501
4701 4510
4707 4517
4716 4517
4721 4526
4728 4532
4734 4540
4735 4548
4744 4550
4753 4555
4757 4561
4759 4568
4765 4575
4766 4582
4767 4590
4773 4598
4773 4605
4781 4611
4787 4620
4793 4621
4801 4626
4810 4632
4816 4633
4823 4638
4828 4644
4831 4644
4833 4649
4842 4657
4844 4660
4852 4666
4853 4672
4859 4673
4862 4677
4862 4686
4868 4694
4870 4700
4874 4702
4877 4702
4882 4702
4889 4704
4897 4704
4899 4707
4904 4711
4907 4711
4914 4712
4922 4720
4929 4724
4931 4726
4932 4728
4933 4735
4935 4741
4938 4747
4938 4755
4946 4762
4946 4770
4955 4779
4963 4783
4965 4789
4973 4796
4981 4801
4990 4809
4993 4815
4997 4822
4998 4827
5007 4831
5011 4833
5019 4834
5026 4835
5035 4844
5035 4853
5038 4857
5045 4860
5046 4867
5054 4869
5059 4872
5060 4874
5061 4876
5070 4878
5076 4882
5082 4891
5088 4900
5097 4904
5097 4913
5102 4914
5102 4921
5104 4924
5107 4926
5115 4933
5116 4939
5117 4948
5118 4950
5119 4954
5125 4954
5132 4957
5138 4962
5140 4964
5144 4967
5153 4973
5157 4979
5164 4983
5170 4985
5179 4994
5185 5001
5193 5008
5198 5010
5204 5017
5208 5024
5209 5025
5217 5025
5223 5031
5229 5031
5238 5031
5243 5039
5250 5039
5254 5045
5260 5045
5260 5051
5262 5057
5267 5059
5271 5060
5275 5062
5275 5063
5275 5066
5279 5066
5283 5066
5289 5068
5291 5075
5293 5082
5298 5083
5307 5083
5307 5089
5309 5089
5311 5093
5320 5102
5329 5107
5329 5110
5336 5110
5340 5119
5344 5127
5353 5127
5353 5135
5355 5137
5360 5143
5362 5144
5370 5145
5373 5145
5380 5152
5382 5153
5386 5154
5387 5157
5393 5160
5401 5166
5407 5169
5412 5171
5415 5178
5417 5184
5422 5190
5430 5190
5432 5192
5435 5194
5439 5202
5441 5205
5449 5210
5456 5212
5464 5220
5471 5227
5474 5232
5477 5241
5477 5249
5478 5255
5483 5260
5485 5262
5486 5264
5491 5270
5496 5278
5504 5287
5513 5290
5517 5297
5517 5298
5518 5298
5519 5306
5526 5311
5529 5311
5535 5317
5536 5325
5538 5333
5543 5337
5546 5346
5552 5354
5557 5355
5565 5360
5567 5369
5567 5376
5573 5376
5573 5383
5576 5385
5583 5385
5590 5386
5593 5389
5600 5395
5603 5404
5609 5413
5614 5422
5622 5423
5629 5428
5632 5436
5632 5443
5639 5446
5643 5452
5648 5457
5653 5465
5662 5468
5671 5474
5677 5478
5678 5483
5678 5490
5684 5496
5692 5497
5698 5505
5700 5510
5703 5517
5706 5522
5711 5523
5719 5524
5726 5530
5734 5532
5738 5539
5745 5542
5748 5545
5755 5552
5763 5561
5769 5565
5775 5569
5780 5573
5782 5573
5791 5580
5798 5585
5802 5589
5808 5594
5814 5599
5815 5603
5824 5608
5826 5615
5827 5622
5833 5623
5833 5625
5838 5633
5844 5636
5846 5636
5849 5637
5858 5639
5864 5645
5871 5649
5872 5652
5873 5656
5882 5657
5883 5658
5883 5660
5884 5662
5889 5669
5892 5674
5892 5675
5897 5683
5903 5690
5904 5699
5904 5701
5907 5710
5915 5710
5918 5711
5923 5718
5930 5725
5930 5734
5938 5734
5941 5735
5945 5743
5954 5743
5959 5744
5962 5744
5963 5753
5972 5755
5979 5758
5988 5765
5994 5769
6003 5772
6006 5780
6006 5783
6013 5784
6018 5785
6020 5787
6021 5790
6023 5797
6027 5802
6036 5808
6040 5817
6040 5821
6041 5828
6050 5828
6055 5833
6061 5839
6062 5839
6066 5840
6071 5842
6075 5845
6080 5852
6085 5858
6087 5865
6092 5872
6096 5877
6099 5885
6105 5888
6109 5895
6110 5898
6119 5906
6120 5913
6124 5915
6133 5923
6138 5928
6140 5930
6140 5937
6141 5942
6147 5945
6149 5946
6149 5954
6157 5959
6163 5963
6172 5965
6175 5967
6182 5969
6184 5977
6186 5983
6188 5984
6194 5984
6202 5993
6204 6001
6212 6006
6217 6010
6225 6019
6233 6028
6240 6034
6244 6039
6247 6044
6254 6050
6263 6055
6264 6056
6269 6061
6278 6061
6284 6067
6286 6074
6293 6080
6300 6085
6301 6088
6303 6097
6305 6097
6313 6104
6318 6105
6322 6110
6322 6114
6322 6117
6329 6124
6337 6131
6344 6135
6347 6136
6350 6136
6357 6137
6364 6145
6370 6146
6370 6154
6373 6154
6373 6156
6382 6162
6387 6166
1
3776 7492 5706 5522